49152, 44
49280, 46
49408, 48
49536, 50
49664, 52
49792, 54
49920, 56
50048, 58
50176, 60
50304, 62
50432, 65
50560, 67
50688, 69
50816, 71
50944, 73
51072, 75
51200, 77
51328, 78
51456, 80
51584, 82
51712, 84
51840, 86
51968, 88
52096, 91
52224, 93
52352, 95
52480, 97
52608, 99
52736, 101
52864, 103
52992, 104
53120, 106
53248, 108
53376, 110
53504, 112
53632, 114
53760, 116
53888, 118
54016, 120
54144, 122
54272, 124
54400, 126
54528, 128
54656, 131
54784, 133
54912, 134
55040, 136
55168, 138
55296, 140
55424, 142
55552, 144
55680, 146
55808, 148
55936, 150
56064, 152
56192, 153
56320, 155
56448, 157
56576, 159
56704, 161
56832, 163
56960, 165
57088, 167
57216, 169
57344, 171
57472, 172
57600, 173
57728, 174
57856, 175
57984, 177
58112, 178
58240, 179
58368, 181
58496, 181
58624, 181
58752, 183
58880, 184
59008, 185
59136, 187
59264, 188
59392, 189
59520, 191
59648, 192
59776, 193
59904, 195
60032, 196
60160, 197
60288, 198
60416, 198
60544, 199
60672, 201
60800, 202
60928, 203
61056, 205
61184, 206
61312, 207
61440, 208
61568, 210
61696, 211
61824, 212
61952, 214
62080, 215
62208, 216
62336, 217
62464, 219
62592, 219
62720, 220
62848, 221
62976, 223
63104, 224
63232, 225
63360, 226
63488, 228
63616, 229
63744, 230
63872, 231
64000, 233
64128, 234
64256, 235
64384, 236
64512, 238
64640, 239
64768, 240
64896, 241
65024, 243
65152, 244
65280, 245
65408, 246
65536, 248
65664, 247
65792, 246
65920, 246
66048, 245
66176, 244
66304, 244
66432, 243
66560, 243
66688, 242
66816, 241
66944, 241
67072, 240
67200, 239
67328, 239
67456, 238
67584, 238
67712, 237
67840, 237
67968, 236
68096, 236
68224, 235
68352, 234
68480, 234
68608, 233
68736, 232
68864, 232
68992, 231
69120, 231
69248, 230
69376, 229
69504, 229
69632, 228
69760, 227
69888, 227
70016, 226
70144, 226
70272, 225
70400, 224
70528, 223
70656, 223
70784, 222
70912, 222
71040, 221
71168, 220
71296, 220
71424, 219
71552, 218
71680, 218
71808, 217
71936, 216
72064, 216
72192, 215
72320, 215
72448, 214
72576, 213
72704, 213
72832, 212
72960, 211
73088, 211
73216, 211
73344, 210
73472, 209
73600, 209
73728, 208
73856, 209
73984, 210
74112, 212
74240, 213
74368, 214
74496, 215
74624, 217
74752, 218
74880, 219
75008, 220
75136, 222
75264, 223
75392, 224
75520, 226
75648, 227
75776, 228
75904, 229
76032, 229
76160, 231
76288, 232
76416, 233
76544, 234
76672, 236
76800, 237
76928, 238
77056, 240
77184, 241
77312, 242
77440, 243
77568, 245
77696, 246
77824, 247
77952, 248
78080, 250
78208, 251
78336, 252
78464, 254
78592, 255
78720, 256
78848, 257
78976, 259
79104, 260
79232, 261
79360, 263
79488, 264
79616, 265
79744, 266
79872, 268
80000, 269
80128, 270
80256, 271
80384, 273
80512, 274
80640, 275
80768, 276
80896, 278
81024, 279
81152, 280
81280, 282
81408, 282
81536, 283
81664, 285
81792, 286
81920, 287